CoC,Total_Year_round_Beds_ES_TH,Total_Non_DV_Year_round_Beds_ES_TH,Total_HMIS_Year_round_Beds_ES_TH,HMIS_Participation_Rate_ES_TH,Total_Emergency_Shelter_ES_Beds_excluding_seasonal_OV,Total_Transitional_Housing_TH_Beds,Total_Units_for_Households_with_Children_ES_TH,Total_Beds_for_Households_with_Children_ES_TH,Total_Beds_for_Households_without_Children_ES_TH,Total_Year_round_ES_Beds,Total_Non_DV_Year_round_ES_Beds,Total_HMIS_Year_round_ES_Beds,ES_HMIS_Participation_Rate,Total_Seasonal_ES_Beds,Total_OverflowVoucher_ES_Beds,Total_ES_Units_for_Households_with_Children,Total_ES_Beds_for_Households_with_Children,Total_ES_Beds_for_Households_without_Children,Total_TH_Beds,Total_Year_round_TH_Beds,Total_Non_DV_Year_round_TH_Beds,Total_HMIS_Year_round_TH_Beds,TH_HMIS_Participation_Rate,Total_TH_Units_for_Households_with_Children,Total_TH_Beds_for_Households_with_Children,Total_TH_Beds_for_Households_without_Children,Total_PSH_Beds,Total_Year_round_PSH_Beds,Total_Non_DV_Year_round_PSH_Beds,Total_HMIS_Year_round_PSH_Beds,PSH_HMIS_Participation_Rate,Total_Chronic_Homeless_PSH_Beds,Total_PSH_Units_for_Households_with_Children,Total_PSH_Beds_for_Households_with_Children,Total_PSH_Beds_for_Households_without_Children
AK-500,884,804,408,0.507,500,384,82,255,629,500,430,328,0.763,0,130,18,134,366,384,384,374,80,0.214,64,121,263,330,330,330,202,0.612,121,23,53,277
AK-501,874,506,95,0.188,595,279,126,417,457,595,279,0,0,0,12,95,304,291,279,279,227,95,0.419,31,113,166,159,159,159,47,0.296,28,10,20,139
AL-500,1303,1078,574,0.532,388,915,166,511,792,388,317,242,0.763,45,15,25,80,308,915,915,761,332,0.436,141,431,484,1292,1292,1292,1091,0.844,257,293,817,475
AL-501,459,368,310,0.842,133,326,57,189,270,133,77,14,0.182,35,27,21,62,71,326,326,291,296,1.017,36,127,199,171,171,171,171,1,65,19,49,122
AL-502,174,127,51,0.402,36,138,21,75,99,36,36,4,0.111,0,0,4,22,14,138,138,91,47,0.516,17,53,85,79,79,79,0,0,2,0,0,79
AL-503,858,811,598,0.737,438,420,44,123,735,438,391,307,0.785,0,55,20,25,413,420,420,420,291,0.693,24,98,322,141,141,141,108,0.766,88,0,0,141
AL-504,429,355,285,0.803,153,276,29,87,342,153,133,132,0.992,9,59,3,11,142,276,276,222,153,0.689,26,76,200,239,239,239,189,0.791,90,24,61,178
AL-505,294,227,36,0.159,228,66,20,60,234,228,161,18,0.112,56,55,15,45,183,66,66,66,18,0.273,5,15,51,2,2,2,0,0,1,1,1,1
AL-506,317,289,136,0.471,93,224,39,112,205,93,65,37,0.569,0,29,12,37,56,224,224,224,99,0.442,27,75,149,59,59,59,49,0.831,10,4,12,47
AL-507,539,392,0,0,297,242,54,173,366,297,182,0,0,0,0,53,171,126,242,242,210,0,0,1,2,240,437,437,413,0,0,0,6,13,424
AR-500,1046,901,711,0.789,441,605,96,328,718,441,396,273,0.689,0,134,22,77,364,605,605,505,438,0.867,74,251,354,657,657,657,597,0.909,76,147,398,259
AR-501,318,179,140,0.782,202,116,69,176,142,202,113,74,0.655,16,36,34,90,112,116,116,66,66,1,35,86,30,16,16,16,16,1,0,0,0,16
AR-502,126,71,64,0.901,55,71,11,42,84,55,0,37,0,0,0,8,33,22,71,71,71,27,0.38,3,9,62,9,9,0,0,0,0,0,0,9
AR-504,271,77,226,2.935,226,45,26,149,122,226,32,181,5.656,0,20,26,149,77,45,45,45,45,1,0,0,45,55,55,50,55,1.1,0,0,0,55
AR-505,159,38,61,1.605,145,14,23,67,92,145,38,61,1.605,17,6,18,55,90,14,14,0,0,.,5,12,2,24,24,24,24,1,12,4,12,12
AR-506,99,79,43,0.544,23,76,5,10,89,23,3,23,7.667,0,2,5,10,13,76,76,76,20,0.263,0,0,76,694,694,694,0,0,0,79,239,455
AR-508,257,227,185,0.815,195,62,22,55,202,195,165,134,0.812,0,10,18,47,148,62,62,62,51,0.823,4,8,54,8,8,8,8,1,4,0,0,8
AR-509,192,140,47,0.336,94,98,31,73,119,94,69,47,0.681,0,2,15,32,62,98,98,71,0,0,16,41,57,38,38,25,25,1,3,10,27,11
AR-510,124,102,124,1.216,102,22,21,51,73,102,80,102,1.275,0,0,15,39,63,22,22,22,22,1,6,12,10,37,37,37,4,0.108,0,7,37,0
AZ-500,1516,924,820,0.887,791,725,256,905,611,791,330,283,0.858,25,40,135,497,294,725,725,594,537,0.904,121,408,317,315,315,315,312,0.99,186,31,87,228
AZ-501,2205,2022,1738,0.86,691,1514,262,928,1277,691,572,529,0.925,59,26,61,237,454,1514,1514,1450,1209,0.834,201,691,823,690,690,618,664,1.074,111,75,239,451
AZ-502,5612,4819,3805,0.79,2254,3358,892,2832,2780,2254,1760,1605,0.912,0,63,313,953,1301,3358,3358,3059,2200,0.719,579,1879,1479,2014,2014,2014,1892,0.939,568,261,740,1274
CA-500,2189,1986,1961,0.987,744,1445,381,1384,805,744,682,663,0.972,250,0,86,320,424,1445,1445,1304,1298,0.995,295,1064,381,1170,1170,1170,1005,0.859,244,247,724,446
CA-501,2481,2315,2031,0.877,1724,757,248,824,1657,1724,1646,1516,0.921,155,18,136,447,1277,757,757,669,515,0.77,112,377,380,4995,4995,4995,4086,0.818,2698,378,1118,3877
CA-502,2474,2045,903,0.442,940,1534,418,1312,1162,940,718,382,0.532,245,69,125,413,527,1534,1534,1327,521,0.393,293,899,635,2011,2011,1981,1020,0.515,421,288,852,1159
CA-503,1641,1639,1264,0.771,544,1097,161,501,1140,544,542,425,0.784,154,72,16,76,468,1097,1097,1097,839,0.765,145,425,672,1917,1917,1917,1613,0.841,261,286,1062,855
CA-504,1185,1105,899,0.814,607,578,195,572,613,607,553,464,0.839,34,85,63,228,379,578,578,552,435,0.788,132,344,234,616,616,549,363,0.661,183,55,179,437
CA-505,974,922,613,0.665,530,444,178,619,355,530,506,280,0.553,30,0,74,290,240,444,444,416,333,0.8,104,329,115,688,688,688,633,0.92,272,136,331,357
CA-506,987,946,735,0.777,282,705,123,507,480,282,241,147,0.61,0,46,20,61,221,705,705,705,588,0.834,103,446,259,137,137,137,100,0.73,0,7,27,110
CA-507,571,412,451,1.095,188,383,96,332,239,188,172,172,1,35,0,18,68,120,383,383,240,279,1.163,78,264,119,526,526,514,503,0.979,186,39,108,418
CA-508,604,586,473,0.807,333,271,114,378,226,333,315,241,0.765,118,11,50,170,163,271,271,271,232,0.856,64,208,63,116,116,116,116,1,61,7,21,95
CA-509,220,196,169,0.862,126,94,24,120,100,126,111,95,0.856,120,40,3,50,76,94,94,85,74,0.871,21,70,24,298,298,298,144,0.483,0,65,175,123
CA-510,771,730,313,0.429,422,349,140,429,342,422,397,127,0.32,287,0,74,229,193,349,349,333,186,0.559,66,200,149,253,253,253,193,0.763,93,36,121,132
CA-511,2331,2290,936,0.409,1659,672,238,891,1440,1659,1618,302,0.187,250,50,87,366,1293,672,672,672,634,0.943,151,525,147,339,339,339,315,0.929,121,32,91,248
CA-512,873,817,725,0.887,151,722,127,529,344,151,129,108,0.837,0,39,16,62,89,722,722,688,617,0.897,111,467,255,257,257,257,252,0.981,207,19,48,209
CA-513,600,479,233,0.486,278,322,80,256,344,278,210,170,0.81,213,2082,26,77,201,322,322,269,63,0.234,54,179,143,52,52,52,0,0,0,0,0,52
CA-514,2657,2472,583,0.236,1105,1552,305,726,1931,1105,969,96,0.099,50,0,113,252,853,1552,1552,1503,487,0.324,192,474,1078,584,584,584,177,0.303,325,81,210,374
CA-515,454,383,59,0.154,21,433,101,295,159,21,-6,15,_250.0%,50,14,4,16,5,433,433,389,44,0.113,97,279,154,104,104,104,96,0.923,12,17,37,67
CA-516,315,275,315,1.145,96,219,66,172,143,96,70,96,1.371,0,20,11,48,48,219,219,205,219,1.068,55,124,95,28,28,28,28,1,28,0,0,28
CA-517,230,201,198,0.985,118,112,24,79,151,118,103,106,1.029,40,102,11,44,74,112,112,98,92,0.939,13,35,77,56,56,56,56,1,14,5,10,46
CA-518,437,401,142,0.354,205,232,70,214,223,205,169,48,0.284,0,0,46,130,75,232,232,232,94,0.405,24,84,148,72,72,72,60,0.833,26,8,24,48
CA-519,454,432,90,0.208,222,232,44,136,318,222,200,0,0,0,143,18,41,181,232,232,232,90,0.388,26,95,137,120,120,120,81,0.675,0,40,115,5
CA-520,242,177,45,0.254,101,141,13,116,126,101,36,21,0.583,100,3650,10,86,15,141,141,141,24,0.17,3,30,111,0,0,0,0,0,0,0,0,0
CA-521,298,273,228,0.835,111,187,39,164,134,111,86,75,0.872,10,1,2,45,66,187,187,187,153,0.818,37,119,68,85,85,85,29,0.341,9,3,10,75
CA-522,279,256,158,0.617,112,167,45,128,151,112,89,9,0.101,55,44,10,23,89,167,167,167,149,0.892,35,105,62,33,33,33,15,0.455,22,4,8,25
CA-523,38,16,10,0.625,28,10,7,28,10,28,6,0,0,28,32,6,22,6,10,10,10,10,1,1,6,4,0,0,0,0,0,0,0,0,0
CA-524,306,262,0,0,83,223,33,187,119,83,39,0,0,100,30,2,44,39,223,223,223,0,0,31,143,80,92,92,80,0,0,0,42,92,0
CA-525,136,108,0,0,32,104,22,59,77,32,10,0,0,30,12,6,15,17,104,104,98,0,0,16,44,60,0,0,0,0,0,0,0,0,0
CA-526,265,160,0,0,214,51,47,180,85,214,160,0,0,0,15,36,129,85,51,51,0,0,.,11,51,0,10,10,10,0,0,0,0,0,10
CA-600,12465,10416,1359,0.13,4400,8065,1257,4327,8138,4400,3714,279,0.075,1422,0,379,1290,3110,8065,8065,6702,1080,0.161,878,3037,5028,6870,6870,6870,145,0.021,911,549,1920,4950
CA-601,2203,2018,2153,1.067,197,2006,221,853,1350,197,150,147,0.98,622,18,16,104,93,2006,2006,1868,2006,1.074,205,749,1257,758,758,758,546,0.72,201,27,76,682
CA-602,2980,1539,948,0.616,1137,1843,629,1560,1420,1137,-102,137,_134.3%,375,1450,110,264,873,1843,1843,1641,811,0.494,519,1296,547,1875,1875,1875,65,0.035,567,249,665,1210
CA-603,1075,947,447,0.472,485,590,85,355,720,485,413,256,0.62,256,40,42,198,287,590,590,534,191,0.358,43,157,433,660,660,660,96,0.145,150,26,80,580
CA-604,972,901,694,0.77,466,506,86,318,654,466,395,395,1,60,60,39,188,278,506,506,506,299,0.591,47,130,376,272,272,272,257,0.945,132,20,76,196
CA-605,236,179,169,0.944,42,194,49,142,94,42,0,0,0,137,0,14,42,0,194,194,179,169,0.944,35,100,94,106,106,106,87,0.821,26,0,0,106
CA-606,1660,1484,525,0.354,479,1181,124,593,1067,479,417,113,0.271,200,677,38,185,294,1181,1181,1067,412,0.386,86,408,773,401,401,401,355,0.885,237,32,68,333
CA-607,262,226,176,0.779,144,118,24,144,118,144,108,58,0.537,165,30,9,92,52,118,118,118,118,1,15,52,66,130,130,130,130,1,28,19,72,58
CA-608,1436,1247,1045,0.838,614,822,187,685,751,614,464,424,0.914,285,225,44,237,377,822,822,783,621,0.793,143,448,374,245,245,245,142,0.58,115,22,27,218
CA-609,1192,856,774,0.904,510,682,131,734,458,510,329,360,1.094,30,760,22,266,244,682,682,527,414,0.786,109,468,214,261,261,261,235,0.9,0,4,92,169
CA-610,1659,1279,1259,0.984,298,1361,263,1055,604,298,172,187,1.087,150,19,34,194,104,1361,1361,1107,1072,0.968,229,861,500,373,373,373,373,1,47,102,310,63
CA-611,294,272,69,0.254,125,169,51,129,165,125,103,1,0.01,100,24,14,37,88,169,169,169,68,0.402,37,92,77,27,27,27,21,0.778,3,4,10,17
CA-612,153,94,138,1.468,50,103,27,132,21,50,40,50,1.25,105,0,2,38,12,103,103,54,88,1.63,25,94,9,126,126,126,16,0.127,16,32,85,41
CA-613,213,51,179,3.51,110,103,41,134,79,110,0,110,0,0,0,17,31,79,103,103,51,69,1.353,24,103,0,84,84,84,0,0,0,23,69,15
CA-614,266,182,0,0,148,118,33,125,141,148,104,0,0,0,11,24,85,63,118,118,78,0,0,9,40,78,40,40,40,0,0,0,0,0,40
CO-500,1270,801,796,0.994,772,498,228,940,330,772,397,397,1,45,40,128,533,239,498,498,404,399,0.988,100,407,91,166,166,166,166,1,96,11,36,130
CO-503,4404,4217,2376,0.563,1740,2664,935,2391,2013,1740,1590,822,0.517,116,394,186,476,1264,2664,2664,2627,1554,0.592,749,1915,749,1801,1801,1801,1343,0.746,794,197,539,1262
CO-504,740,717,425,0.593,268,472,72,253,487,268,245,210,0.857,0,90,1,12,256,472,472,472,215,0.456,71,241,231,143,143,143,80,0.559,97,6,14,129
CT-500,112,96,43,0.448,46,66,17,43,69,46,30,0,0,25,2,3,6,40,66,66,66,43,0.652,14,37,29,77,77,77,45,0.584,12,8,27,50
CT-501,704,678,545,0.804,408,296,94,303,401,408,392,360,0.918,75,45,54,194,214,296,296,286,185,0.647,40,109,187,640,640,640,492,0.769,77,93,224,416
CT-502,735,715,604,0.845,371,364,96,228,507,371,351,263,0.749,55,122,40,101,270,364,364,364,341,0.937,56,127,237,638,638,638,554,0.868,493,34,87,551
CT-503,435,426,318,0.746,208,227,50,197,238,208,208,184,0.885,0,12,26,118,90,227,227,218,134,0.615,24,79,148,621,621,621,505,0.813,129,94,277,344
CT-504,205,195,135,0.692,82,123,25,104,101,82,72,82,1.139,18,4,9,52,30,123,123,123,53,0.431,16,52,71,186,186,186,186,1,53,34,82,104
CT-505,628,554,423,0.764,533,95,94,298,330,533,473,371,0.784,39,25,89,281,252,95,95,81,52,0.642,5,17,78,581,581,581,467,0.804,123,81,227,354
CT-506,140,128,128,1,135,5,9,50,90,135,123,123,1,3,50,9,50,85,5,5,5,5,1,0,0,5,144,144,144,144,1,67,17,45,99
CT-507,291,245,255,1.041,144,147,61,222,69,144,127,122,0.961,70,2,30,99,45,147,147,118,133,1.127,31,123,24,200,200,200,75,0.375,53,40,99,101
CT-508,313,313,236,0.754,125,188,44,105,208,125,125,102,0.816,0,23,11,28,97,188,188,188,134,0.713,33,77,111,118,118,118,108,0.915,25,0,0,118
CT-509,100,84,84,1,83,17,11,31,69,83,67,67,1,0,13,11,31,52,17,17,17,17,1,0,0,17,122,122,122,64,0.525,4,38,71,51
CT-510,68,68,68,1,25,43,13,37,31,25,25,25,1,0,0,3,7,18,43,43,43,43,1,10,30,13,42,42,42,42,1,12,11,30,12
CT-512,171,156,156,1,171,0,22,91,80,171,156,156,1,0,0,22,91,80,0,0,0,0,0,0,0,0,135,135,135,135,1,46,22,53,82
DC-500,5264,5161,4082,0.791,3001,2263,556,1808,3456,3001,2918,2681,0.919,718,0,208,716,2285,2263,2263,2243,1401,0.625,348,1092,1171,3639,3639,3611,1809,0.501,0,524,1623,2016
DE-500,1225,1041,833,0.8,515,710,113,397,828,515,439,361,0.822,59,131,53,175,340,710,710,602,472,0.784,60,222,488,294,294,294,225,0.765,118,2,6,288
FL-500,725,655,392,0.598,432,293,57,155,570,432,392,334,0.852,0,80,16,58,374,293,293,263,58,0.221,41,97,196,354,354,354,104,0.294,86,0,0,354
FL-501,1050,900,780,0.867,358,692,148,466,584,358,256,185,0.723,0,61,40,96,262,692,692,644,595,0.924,108,370,322,435,435,435,121,0.278,37,98,238,197
FL-502,1382,1194,702,0.588,559,823,181,572,810,559,495,363,0.733,205,0,99,222,337,823,823,699,339,0.485,82,350,473,358,358,358,336,0.939,148,21,86,272
FL-503,732,732,528,0.721,382,350,41,188,544,382,382,212,0.555,0,115,11,56,326,350,350,350,316,0.903,30,132,218,81,81,81,81,1,16,32,65,16
FL-504,569,441,422,0.957,101,468,97,366,203,101,44,44,1,0,0,9,31,70,468,468,397,378,0.952,88,335,133,90,90,90,47,0.522,56,11,34,56
FL-505,109,71,30,0.423,49,60,24,54,55,49,11,0,0,120,60,12,24,25,60,60,60,30,0.5,12,30,30,43,43,43,43,1,0,2,4,39
FL-506,646,535,350,0.654,275,371,59,283,363,275,224,98,0.438,0,85,17,96,179,371,371,311,252,0.81,42,187,184,252,252,252,146,0.579,110,54,142,110
FL-507,2350,2035,1044,0.513,1129,1221,294,1046,1304,1129,953,410,0.43,0,150,101,431,698,1221,1221,1082,634,0.586,193,615,606,556,556,556,103,0.185,40,0,0,556
FL-508,318,241,252,1.046,170,148,49,130,188,170,107,147,1.374,72,36,27,76,94,148,148,134,105,0.784,22,54,94,88,88,88,88,1,47,2,4,84
FL-509,230,204,230,1.127,82,148,54,162,68,82,56,82,1.464,0,151,15,50,32,148,148,148,148,1,39,112,36,121,121,121,121,1,114,7,7,114
FL-510,1924,1784,1375,0.771,769,1155,223,699,1225,769,637,570,0.895,110,232,84,272,497,1155,1155,1147,805,0.702,139,427,728,802,802,802,539,0.672,161,14,31,771
FL-511,665,594,361,0.608,292,373,41,216,449,292,221,137,0.62,0,0,22,110,182,373,373,373,224,0.601,19,106,267,50,50,50,50,1,25,0,0,50
FL-512,186,112,82,0.732,105,81,47,82,104,105,52,28,0.538,0,25,5,13,92,81,81,60,54,0.9,42,69,12,73,73,73,0,0,0,0,0,73
FL-513,634,569,396,0.696,132,502,71,274,360,132,116,49,0.422,0,84,7,24,108,502,502,453,347,0.766,64,250,252,112,112,112,112,1,43,36,69,43
FL-514,462,394,251,0.637,210,252,40,149,313,210,142,112,0.789,0,3,6,25,185,252,252,252,139,0.552,34,124,128,8,8,8,8,1,0,0,0,8
FL-515,246,215,246,1.144,58,188,25,103,143,58,58,58,1,0,0,2,7,51,188,188,157,188,1.197,23,96,92,0,0,0,0,0,0,0,0,0
FL-517,96,40,15,0.375,56,40,9,25,71,56,0,0,0,0,0,3,9,47,40,40,40,15,0.375,6,16,24,124,124,124,16,0.129,28,17,46,78
FL-518,122,71,122,1.718,98,24,0,0,122,98,55,98,1.782,0,0,0,0,98,24,24,16,24,1.5,0,0,24,11,11,11,11,1,0,0,0,11
FL-519,174,114,114,1,174,0,20,62,112,174,114,114,1,0,4,20,62,112,0,0,0,0,0,0,0,0,30,30,30,30,1,0,10,30,0
FL-520,283,187,148,0.791,125,158,27,94,189,125,39,23,0.59,30,1212,19,73,52,158,158,148,125,0.845,8,21,137,59,59,59,59,1,6,0,0,59
FL-600,3233,2783,2268,0.815,1402,1831,417,1516,1717,1402,1313,875,0.666,0,224,138,616,786,1831,1831,1470,1393,0.948,279,900,931,2263,2263,2263,2249,0.994,413,415,1255,1008
FL-601,2602,2540,1589,0.626,797,1805,181,663,1939,797,735,623,0.848,0,110,49,214,583,1805,1805,1805,966,0.535,132,449,1356,1795,1795,1291,1094,0.847,195,381,1329,466
FL-602,142,123,107,0.87,62,80,24,54,88,62,56,40,0.714,0,2,4,10,52,80,80,67,67,1,20,44,36,80,80,80,80,1,36,18,36,44
FL-603,433,375,348,0.928,162,271,11,59,374,162,104,142,1.365,0,8,10,53,109,271,271,271,206,0.76,1,6,265,104,104,104,104,1,54,0,0,104
FL-604,498,463,498,1.076,270,228,27,82,416,270,235,270,1.149,0,32,13,30,240,228,228,228,228,1,14,52,176,155,155,155,155,1,41,7,19,136
FL-605,947,758,947,1.249,440,507,138,579,368,440,329,440,1.337,0,44,54,257,183,507,507,429,507,1.182,84,322,185,284,284,284,284,1,71,7,17,267
FL-606,304,244,204,0.836,224,80,48,102,202,224,184,166,0.902,0,101,32,69,155,80,80,60,38,0.633,16,33,47,38,38,38,19,0.5,9,2,4,34
GA-500,4806,4708,4026,0.855,1928,2878,398,1543,3263,1928,1830,1659,0.907,752,70,100,381,1547,2878,2878,2878,2367,0.822,298,1162,1716,1086,1086,1086,760,0.7,66,74,276,810
GA-501,2316,1682,1509,0.897,1184,1132,439,1289,1027,1184,645,559,0.867,40,173,192,619,565,1132,1132,1037,950,0.916,247,670,462,1226,1226,1097,790,0.72,303,249,604,622
GA-503,201,185,150,0.811,107,94,27,93,108,107,91,72,0.791,10,0,10,31,76,94,94,94,78,0.83,17,62,32,61,61,61,55,0.902,0,5,15,46
GA-504,443,427,285,0.667,237,206,66,177,266,237,221,148,0.67,0,17,15,60,177,206,206,206,137,0.665,51,117,89,23,23,23,8,0.348,2,2,7,16
GA-505,283,240,81,0.338,221,62,21,82,201,221,178,39,0.219,0,0,21,82,139,62,62,62,42,0.677,0,0,62,121,121,121,121,1,19,3,9,112
GA-506,471,317,345,1.088,139,332,78,327,144,139,107,77,0.72,48,23,22,95,44,332,332,210,268,1.276,56,232,100,68,68,68,68,1,39,12,25,43
GA-507,713,665,713,1.072,360,353,74,266,447,360,312,360,1.154,30,0,23,108,252,353,353,353,353,1,51,158,195,343,343,343,341,0.994,41,76,224,119
GU-500,217,174,103,0.592,79,138,37,91,126,79,36,2,0.056,0,5,12,31,48,138,138,138,101,0.732,25,60,78,50,50,50,17,0.34,2,5,17,33
HI-500,868,793,863,1.088,313,555,118,447,421,313,238,310,1.303,0,0,37,173,140,555,555,555,553,0.996,81,274,281,295,295,295,271,0.919,0,4,12,283
HI-501,2232,2112,2095,0.992,768,1464,407,1480,752,768,668,664,0.994,0,104,123,421,347,1464,1464,1444,1431,0.991,284,1059,405,549,549,549,421,0.767,206,33,97,452
IA-500,348,208,127,0.611,161,187,80,184,164,161,117,40,0.342,28,0,14,55,106,187,187,91,87,0.956,66,129,58,6,6,6,6,1,3,0,0,6
IA-501,2012,1619,1691,1.044,757,1255,395,1395,617,757,553,539,0.975,20,139,95,363,394,1255,1255,1066,1152,1.081,300,1032,223,393,393,393,262,0.667,8,36,95,298
IA-502,1193,1125,1036,0.921,420,773,143,434,759,420,357,358,1.003,0,1,32,124,296,773,773,768,678,0.883,111,310,463,429,429,429,418,0.974,30,81,361,68
ID-500,634,520,195,0.375,310,324,96,309,325,310,273,97,0.355,80,291,27,92,218,324,324,247,98,0.397,69,217,107,110,110,110,110,1,30,23,66,44
ID-501,992,712,684,0.961,436,556,194,562,430,436,221,279,1.262,0,13,80,222,214,556,556,491,405,0.825,114,340,216,179,179,179,179,1,63,35,93,86
IL-500,179,152,93,0.612,27,152,28,82,97,27,12,12,1,40,12,5,15,12,152,152,140,81,0.579,23,67,85,32,32,32,13,0.406,12,0,0,32
IL-501,505,455,261,0.574,244,261,93,257,248,244,204,129,0.632,0,22,22,93,151,261,261,251,132,0.526,71,164,97,174,174,174,174,1,0,16,38,136
IL-502,381,297,223,0.751,105,276,65,213,168,105,70,70,1,110,63,22,70,35,276,276,227,153,0.674,43,143,133,74,74,74,74,1,45,8,17,57
IL-503,390,358,130,0.363,58,332,66,150,240,58,42,0,0,0,25,5,11,47,332,332,316,130,0.411,61,139,193,134,134,134,69,0.515,66,20,40,94
IL-504,257,221,189,0.855,121,136,67,216,41,121,85,85,1,0,9,31,87,34,136,136,136,104,0.765,36,129,7,64,64,64,64,1,8,10,20,44
IL-505,105,57,55,0.965,32,73,22,61,44,32,0,0,0,0,10,8,24,8,73,73,57,55,0.965,14,37,36,41,41,41,34,0.829,22,0,0,41
IL-506,316,296,280,0.946,158,158,56,145,171,158,138,122,0.884,0,300,13,30,128,158,158,158,158,1,43,115,43,347,347,347,260,0.749,16,53,162,185
IL-507,573,472,459,0.972,327,246,66,302,271,327,252,252,1,0,0,37,151,176,246,246,220,207,0.941,29,151,95,184,184,184,125,0.679,0,36,117,67
IL-508,338,303,276,0.911,166,172,59,212,126,166,131,104,0.794,0,60,24,80,86,172,172,172,172,1,35,132,40,140,140,140,140,1,25,29,67,73
IL-509,85,58,83,1.431,24,61,22,59,26,24,24,24,1,0,10,0,0,24,61,61,34,59,1.735,22,59,2,59,59,59,59,1,0,0,0,59
IL-510,6373,5966,4092,0.686,1994,4379,1045,3498,2875,1994,1923,930,0.484,155,500,159,484,1510,4379,4379,4043,3162,0.782,886,3014,1365,6510,6510,6510,3506,0.539,1800,720,2282,4228
IL-511,935,843,0,0,226,709,213,660,275,226,153,0,0,275,99,34,125,101,709,709,690,0,0,179,535,174,181,181,181,0,0,49,31,93,88
IL-512,422,380,314,0.826,282,140,70,207,215,282,240,214,0.892,33,108,36,88,194,140,140,140,100,0.714,34,119,21,54,54,54,54,1,1,12,28,26
IL-513,272,240,168,0.7,128,144,30,117,155,128,96,76,0.792,46,0,13,50,78,144,144,144,92,0.639,17,67,77,107,107,107,62,0.579,37,16,40,67
IL-514,801,725,725,1,228,573,136,508,293,228,172,172,1,0,0,27,63,165,573,573,553,553,1,109,445,128,253,253,253,253,1,46,38,170,83
IL-515,160,92,62,0.674,73,87,57,148,12,73,16,0,0,0,0,20,66,7,87,87,76,62,0.816,37,82,5,20,20,20,20,1,0,7,15,5
IL-516,163,135,90,0.667,88,75,49,100,63,88,60,15,0.25,0,4,18,35,53,75,75,75,75,1,31,65,10,89,89,89,89,1,30,17,43,46
IL-517,483,368,433,1.177,325,158,57,184,299,325,251,291,1.159,0,0,25,85,240,158,158,117,142,1.214,32,99,59,72,72,72,72,1,44,0,0,72
IL-518,457,300,196,0.653,259,198,69,258,199,259,114,43,0.377,0,6,27,100,159,198,198,186,153,0.823,42,158,40,34,34,34,8,0.235,0,0,0,34
IL-519,195,125,52,0.416,77,118,39,127,68,77,18,0,0,2,149,13,35,42,118,118,107,52,0.486,26,92,26,53,53,53,53,1,0,11,53,0
IL-520,462,316,217,0.687,262,200,87,282,180,262,164,126,0.768,0,0,36,122,140,200,200,152,91,0.599,51,160,40,204,204,204,87,0.426,2,39,85,119
IN-500,647,531,445,0.838,224,423,54,235,412,224,160,114,0.713,42,0,20,60,164,423,423,371,331,0.892,34,175,248,181,181,173,173,1,0,3,5,176
IN-502,5358,4260,2982,0.7,2946,2412,1016,3145,2213,2946,2251,1709,0.759,0,176,508,1627,1319,2412,2412,2009,1273,0.634,508,1518,894,753,753,749,438,0.585,146,49,105,648
IN-503,2162,1716,557,0.325,796,1366,265,795,1367,796,514,224,0.436,213,157,155,391,405,1366,1366,1202,333,0.277,110,404,962,935,935,935,413,0.442,359,83,177,758
KS-500,258,236,114,0.483,136,122,42,114,144,136,114,114,1,0,60,14,29,107,122,122,122,0,0,28,85,37,10,10,10,10,1,0,0,0,10
KS-501,145,131,111,0.847,48,97,33,115,30,48,48,28,0.583,0,6,7,26,22,97,97,83,83,1,26,89,8,8,8,8,8,1,3,1,2,6
KS-502,542,465,27,0.058,335,207,78,181,361,335,268,27,0.101,75,0,39,66,269,207,207,197,0,0,39,115,92,241,241,241,0,0,76,34,111,130
KS-503,590,566,68,0.12,460,130,171,227,363,460,436,0,0,0,63,158,158,302,130,130,130,68,0.523,13,69,61,340,340,340,340,1,14,81,191,149
KS-505,178,120,120,1,99,79,45,157,21,99,59,59,1,0,0,27,88,11,79,79,61,61,1,18,69,10,19,19,19,7,0.368,2,2,6,13
KS-507,1071,677,20,0.03,649,422,122,487,584,649,283,20,0.071,2,114,92,385,264,422,422,394,0,0,30,102,320,16,16,16,10,0.625,1,0,0,16
KY-500,2725,2002,2019,1.008,1355,1370,628,1878,847,1355,941,769,0.817,0,0,198,708,647,1370,1370,1061,1250,1.178,430,1170,200,754,754,620,607,0.979,45,196,471,283
KY-501,2509,2354,1250,0.531,992,1517,368,1089,1420,992,932,758,0.813,14,347,42,182,810,1517,1517,1422,492,0.346,326,907,610,809,809,809,665,0.822,162,141,335,474
KY-502,1045,934,603,0.646,460,585,144,387,658,460,424,343,0.809,75,0,30,86,374,585,585,510,260,0.51,114,301,284,338,338,338,253,0.749,60,43,100,238
LA-500,702,600,506,0.843,234,468,99,339,363,234,152,141,0.928,0,97,23,98,136,468,468,448,365,0.815,76,241,227,97,97,97,97,1,15,21,52,45
LA-501,330,224,203,0.906,265,65,41,58,272,265,181,143,0.79,0,0,35,43,222,65,65,43,60,1.395,6,15,50,94,94,83,94,1.133,0,16,27,67
LA-502,965,898,708,0.788,272,693,109,339,626,272,218,199,0.913,10,20,32,60,212,693,693,680,509,0.749,77,279,414,168,168,168,133,0.792,55,19,44,124
LA-503,864,815,738,0.906,205,659,135,366,498,205,178,160,0.899,162,0,26,65,140,659,659,637,578,0.907,109,301,358,730,730,730,543,0.744,65,93,269,461
LA-504,851,791,580,0.733,228,623,68,168,683,228,168,162,0.964,0,100,31,90,138,623,623,623,418,0.671,37,78,545,333,333,333,333,1,24,47,109,224
LA-505,256,150,225,1.5,111,145,45,150,106,111,77,89,1.156,0,12,8,49,62,145,145,73,136,1.863,37,101,44,108,108,108,36,0.333,4,8,8,100
LA-506,276,194,197,1.015,101,175,63,194,82,101,73,34,0.466,0,15,22,59,42,175,175,121,163,1.347,41,135,40,193,193,189,193,1.021,39,58,120,73
LA-507,257,221,77,0.348,116,141,30,57,200,116,80,4,0.05,0,0,16,26,90,141,141,141,73,0.518,14,31,110,218,218,218,46,0.211,0,6,8,210
LA-508,126,115,45,0.391,73,53,22,61,65,73,62,26,0.419,0,0,16,44,29,53,53,53,19,0.358,6,17,36,212,212,184,124,0.674,2,28,98,114
MA-500,5219,5052,4372,0.865,3279,1940,869,2553,2666,3279,3169,2923,0.922,215,34,653,2042,1237,1940,1940,1883,1449,0.77,216,511,1429,3226,3226,3196,1345,0.421,1067,329,793,2433
MA-501,1283,1228,680,0.554,937,346,177,888,395,937,894,334,0.374,27,1,156,826,111,346,346,334,346,1.036,21,62,284,163,163,163,71,0.436,56,6,14,149
MA-502,407,299,357,1.194,266,141,82,260,147,266,195,266,1.364,0,0,65,221,45,141,141,104,91,0.875,17,39,102,261,261,246,257,1.045,0,20,45,216
MA-503,428,359,291,0.811,287,141,99,252,176,287,218,199,0.913,0,17,76,196,91,141,141,141,92,0.652,23,56,85,197,197,197,156,0.792,108,9,18,179
MA-504,696,659,355,0.539,346,350,127,341,355,346,309,306,0.99,36,41,65,187,159,350,350,350,49,0.14,62,154,196,258,258,258,82,0.318,80,3,6,252
MA-505,378,345,360,1.043,121,257,30,97,281,121,102,103,1.01,6,6,24,79,42,257,257,243,257,1.058,6,18,239,269,269,251,269,1.072,28,66,205,64
MA-506,1287,1221,842,0.69,753,534,337,687,600,753,727,455,0.626,0,50,161,398,355,534,534,494,387,0.783,176,289,245,780,780,780,616,0.79,202,109,260,520
MA-507,300,183,262,1.432,53,247,46,141,159,53,15,29,1.933,0,22,11,31,22,247,247,168,233,1.387,35,110,137,152,152,152,53,0.349,42,11,28,124
MA-508,392,290,217,0.748,149,243,85,242,150,149,127,127,1,20,40,18,56,93,243,243,163,90,0.552,67,186,57,322,322,322,22,0.068,0,10,38,284
MA-509,378,351,378,1.077,249,129,33,79,299,249,236,249,1.055,35,0,28,69,180,129,129,115,129,1.122,5,10,119,164,164,152,164,1.079,71,12,24,140
MA-510,567,472,403,0.854,287,280,106,294,273,287,245,266,1.086,20,12,69,200,87,280,280,227,137,0.604,37,94,186,90,90,90,78,0.867,54,4,16,74
MA-511,277,234,259,1.107,202,75,47,152,125,202,184,184,1,10,25,30,85,117,75,75,50,75,1.5,17,67,8,275,275,275,245,0.891,108,42,119,156
MA-512,158,132,88,0.667,100,58,42,118,40,100,100,30,0.3,5,5,19,60,40,58,58,32,58,1.813,23,58,0,144,144,144,79,0.549,28,3,6,138
MA-513,119,96,96,1,92,27,45,108,11,92,69,69,1,0,0,37,92,0,27,27,27,27,1,8,16,11,124,124,124,124,1,30,36,93,31
MA-514,756,735,167,0.227,525,231,138,384,372,525,504,148,0.294,0,27,138,384,141,231,231,231,19,0.082,0,0,231,269,269,269,68,0.253,101,0,0,269
MA-515,141,129,124,0.961,60,81,21,55,86,60,48,48,1,0,9,11,29,31,81,81,81,76,0.938,10,26,55,108,108,108,108,1,22,17,48,60
MA-516,643,447,327,0.732,129,514,146,406,237,129,117,117,1,0,0,45,119,10,514,514,330,210,0.636,101,287,227,778,778,728,728,1,64,125,312,466
MA-517,215,206,200,0.971,96,119,33,79,136,96,87,87,1,0,0,9,29,67,119,119,119,113,0.95,24,50,69,110,110,110,83,0.755,31,19,42,68
MA-518,138,89,138,1.551,45,93,56,134,4,45,45,45,1,0,0,15,45,0,93,93,44,93,2.114,41,89,4,134,134,122,87,0.713,58,4,12,122
MA-519,230,202,181,0.896,65,165,38,118,112,65,53,53,1,0,0,13,44,21,165,165,149,128,0.859,25,74,91,78,78,78,78,1,46,6,23,55
MA-520,604,564,434,0.77,405,199,142,423,181,405,365,365,1,0,13,119,354,51,199,199,199,69,0.347,23,69,130,30,30,30,30,1,10,10,20,10
MD-500,130,110,70,0.636,77,53,29,83,47,77,57,17,0.298,0,31,15,37,40,53,53,53,53,1,14,46,7,107,107,107,107,1,3,30,73,34
MD-501,1992,1908,1510,0.791,786,1206,257,641,1351,786,741,454,0.613,360,55,84,205,581,1206,1206,1167,1056,0.905,173,436,770,1594,1594,1594,1580,0.991,383,265,677,917
MD-502,130,102,130,1.275,56,74,24,67,63,56,28,56,2,0,29,7,27,29,74,74,74,74,1,17,40,34,83,83,83,83,1,19,20,56,27
MD-503,272,251,251,1,109,163,58,232,40,109,88,88,1,50,22,33,85,24,163,163,163,163,1,25,147,16,165,165,165,165,1,25,39,115,50
MD-504,147,116,109,0.94,60,87,27,120,27,60,49,51,1.041,20,24,11,33,27,87,87,67,58,0.866,16,87,0,70,70,70,70,1,15,18,39,31
MD-505,576,508,508,1,409,167,107,405,171,409,374,374,1,50,0,66,259,150,167,167,134,134,1,41,146,21,409,409,409,106,0.259,46,80,340,69
MD-506,202,190,108,0.568,62,140,22,63,139,62,50,54,1.08,23,12,13,39,23,140,140,140,54,0.386,9,24,116,20,20,20,20,1,15,1,3,17
MD-507,91,69,69,1,26,65,14,37,54,26,13,13,1,25,10,4,11,15,65,65,56,56,1,10,26,39,26,26,26,26,1,5,7,17,9
MD-508,225,195,190,0.974,96,129,62,151,74,96,66,84,1.273,10,62,32,63,33,129,129,129,106,0.822,30,88,41,247,247,247,217,0.879,38,92,209,38
MD-509,258,192,192,1,39,219,54,160,98,39,10,10,1,64,0,7,22,17,219,219,182,182,1,47,138,81,26,26,26,26,1,12,4,9,17
MD-510,63,49,49,1,38,25,19,39,24,38,24,24,1,0,0,7,15,23,25,25,25,25,1,12,24,1,131,131,131,116,0.885,4,61,119,12
MD-511,114,114,105,0.921,33,81,15,87,27,33,33,24,0.727,34,1,3,15,18,81,81,81,81,1,12,72,9,93,93,93,32,0.344,2,25,64,29
MD-512,260,210,196,0.933,154,106,14,72,188,154,112,134,1.196,54,110,10,64,90,106,106,98,62,0.633,4,8,98,110,110,110,110,1,7,11,28,82
MD-513,172,153,106,0.693,108,64,27,104,68,108,89,42,0.472,50,0,13,52,56,64,64,64,64,1,14,52,12,128,128,128,93,0.727,10,26,73,55
MD-600,569,547,384,0.702,263,306,89,460,109,263,241,168,0.697,120,0,21,184,79,306,306,306,216,0.706,68,276,30,420,420,420,376,0.895,41,151,379,41
MD-601,850,796,685,0.861,248,602,143,534,316,248,194,194,1,100,216,47,147,101,602,602,602,491,0.816,96,387,215,659,659,659,441,0.669,55,124,427,232
ME-500,1587,1309,709,0.542,507,1080,339,987,600,507,372,280,0.753,0,67,87,262,245,1080,1080,937,429,0.458,252,725,355,816,816,816,434,0.532,30,146,411,405
ME-501,529,529,167,0.316,132,397,91,315,214,132,132,104,0.788,0,0,2,29,103,397,397,397,63,0.159,89,286,111,209,209,209,137,0.656,13,20,42,167
ME-502,882,791,601,0.76,329,553,164,457,425,329,238,315,1.324,0,40,28,101,228,553,553,553,286,0.517,136,356,197,289,289,289,258,0.893,50,36,87,202
MI-500,1743,880,753,0.856,1057,686,377,1081,662,1057,420,385,0.917,40,185,215,631,426,686,686,460,368,0.8,162,450,236,452,452,424,391,0.922,36,94,244,208
MI-501,3544,3425,2638,0.77,2205,1339,323,851,2693,2205,2118,1739,0.821,413,612,195,539,1666,1339,1339,1307,899,0.688,128,312,1027,1722,1722,1722,1316,0.764,543,275,793,929
MI-502,671,625,559,0.894,255,416,103,387,284,255,232,166,0.716,28,37,18,76,179,416,416,393,393,1,85,311,105,142,142,142,142,1,25,41,104,38
MI-503,198,157,157,1,157,41,20,83,115,157,116,116,1,80,0,14,59,98,41,41,41,41,1,6,24,17,53,53,53,53,1,11,8,21,32
MI-504,529,483,360,0.745,169,360,101,262,267,169,123,123,1,165,22,31,80,89,360,360,360,237,0.658,70,182,178,406,406,406,398,0.98,35,63,159,247
MI-505,269,234,85,0.363,191,78,43,92,177,191,156,41,0.263,16,111,31,72,119,78,78,78,44,0.564,12,20,58,247,247,105,247,2.352,50,63,140,107
MI-506,866,866,723,0.835,342,524,151,476,390,342,342,297,0.868,0,44,39,125,217,524,524,524,426,0.813,112,351,173,620,620,620,568,0.916,233,94,221,399
MI-507,624,522,526,1.008,361,263,101,354,270,361,317,321,1.013,0,104,45,161,200,263,263,205,205,1,56,193,70,474,474,429,429,1,8,102,264,210
MI-508,369,339,228,0.673,252,117,41,142,227,252,222,126,0.568,0,56,15,56,196,117,117,117,102,0.872,26,86,31,192,192,192,152,0.792,0,24,32,160
MI-509,286,239,221,0.925,186,100,61,193,93,186,139,139,1,37,5,40,119,67,100,100,100,82,0.82,21,74,26,170,170,170,164,0.965,55,21,65,105
MI-510,370,260,248,0.954,159,211,39,135,235,159,133,121,0.91,0,0,15,50,109,211,211,127,127,1,24,85,126,124,124,124,124,1,69,14,30,94
MI-511,96,80,39,0.488,68,28,16,67,29,68,68,11,0.162,25,13,10,39,29,28,28,12,28,2.333,6,28,0,0,0,0,0,0,0,0,0,0
MI-512,273,175,111,0.634,110,163,41,137,136,110,84,76,0.905,21,22,8,34,76,163,163,91,35,0.385,33,103,60,130,130,130,102,0.785,33,26,61,69
MI-513,75,-12,37,_308.3%,21,54,15,39,36,21,-48,1,_2.1%,0,482,3,8,13,54,54,36,36,1,12,31,23,17,17,17,0,0,0,6,13,4
MI-514,205,151,191,1.265,108,97,28,71,134,108,54,108,2,0,204,18,41,67,97,97,97,83,0.856,10,30,67,24,24,24,24,1,0,0,0,24
MI-515,154,154,101,0.656,97,57,27,63,91,97,97,60,0.619,15,20,27,63,34,57,57,57,41,0.719,0,0,57,22,22,22,22,1,0,6,20,2
MI-516,254,229,254,1.109,152,102,31,146,108,152,152,152,1,256,0,3,68,84,102,102,77,102,1.325,28,78,24,90,90,90,90,1,0,0,0,90
MI-517,326,259,240,0.927,103,223,50,272,54,103,84,77,0.917,0,0,7,64,39,223,223,175,163,0.931,43,208,15,40,40,40,40,1,0,9,29,11
MI-518,72,29,29,1,36,36,18,54,18,36,16,16,1,9,2,8,23,13,36,36,13,13,1,10,31,5,6,6,6,6,1,0,0,0,6
MI-519,440,440,371,0.843,147,293,100,331,109,147,147,147,1,9,0,18,67,80,293,293,293,224,0.765,82,264,29,64,64,64,64,1,0,9,18,46
MI-521,42,25,25,1,21,21,10,40,2,21,14,14,1,0,0,5,19,2,21,21,11,11,1,5,21,0,11,11,11,6,0.545,0,1,4,7
MI-522,91,35,25,0.714,58,33,23,58,33,58,35,25,0.714,0,5,11,25,33,33,33,0,0,.,12,33,0,11,11,0,0,0,0,2,6,5
MI-523,117,55,117,2.127,42,75,21,116,1,42,-3,42,_1400.0%,0,3,9,42,0,75,75,58,75,1.293,12,74,1,10,10,10,10,1,4,0,0,10
MI-524,33,18,10,0.556,19,14,1,2,31,19,4,4,1,0,0,0,0,19,14,14,14,6,0.429,1,2,12,0,0,0,0,0,0,0,0,0
MN-500,3157,2983,1590,0.533,1907,1250,566,1996,1161,1907,1772,630,0.356,0,0,306,1082,825,1250,1250,1211,960,0.793,260,914,336,2646,2646,2646,1476,0.558,475,363,1261,1385
MN-501,1460,1320,915,0.693,537,923,270,845,615,537,397,145,0.365,0,0,78,211,326,923,923,923,770,0.834,192,634,289,1409,1409,1409,564,0.4,300,202,990,419
MN-502,481,325,236,0.726,189,292,105,354,127,189,106,44,0.415,24,13,32,105,84,292,292,219,192,0.877,73,249,43,386,386,386,136,0.352,41,77,264,122
MN-503,337,297,283,0.953,94,243,91,282,55,94,54,44,0.815,0,10,28,71,23,243,243,243,239,0.984,63,211,32,145,145,145,145,1,34,29,63,82
MN-504,111,47,60,1.277,11,100,23,89,22,11,-4,9,_225.0%,0,37,0,0,11,100,100,51,51,1,23,89,11,59,59,59,5,0.085,16,10,28,31
MN-505,395,280,245,0.875,199,196,102,294,101,199,92,86,0.935,0,17,50,149,50,196,196,188,159,0.846,52,145,51,197,197,197,137,0.695,37,30,77,120
MN-506,294,250,214,0.856,107,187,83,224,70,107,72,64,0.889,4,21,24,58,49,187,187,178,150,0.843,59,166,21,33,33,33,14,0.424,19,3,7,26
MN-507,206,172,170,0.988,41,165,38,157,49,41,16,16,1,0,0,10,25,16,165,165,156,154,0.987,28,132,33,102,102,102,84,0.824,12,22,58,44
MN-508,172,150,162,1.08,84,88,33,123,49,84,62,74,1.194,0,65,8,44,40,88,88,88,88,1,25,79,9,76,76,76,76,1,15,20,57,19
MN-509,382,310,312,1.006,149,233,82,250,132,149,77,82,1.065,0,186,21,62,87,233,233,233,230,0.987,61,188,45,240,240,240,172,0.717,50,33,76,164
MN-510,33,6,33,5.5,0,33,6,21,12,0,0,0,0,0,35,0,0,0,33,33,6,33,5.5,6,21,12,33,33,33,33,1,1,4,8,25
MN-511,75,59,59,1,16,59,12,50,25,16,0,0,0,0,24,1,16,0,59,59,59,59,1,11,34,25,43,43,43,43,1,7,12,31,12
MN-512,75,41,41,1,41,34,16,65,10,41,7,7,1,0,16,8,36,5,34,34,34,34,1,8,29,5,37,37,37,32,0.865,3,4,15,22
MO-500,323,191,201,1.052,246,77,96,272,51,246,121,131,1.083,0,30,76,195,51,77,77,70,70,1,20,77,0,132,132,132,132,1,10,35,100,32
MO-501,1393,1215,1051,0.865,458,935,213,831,562,458,385,333,0.865,136,61,35,190,268,935,935,830,718,0.865,178,641,294,790,790,790,790,1,20,234,614,176
MO-503,183,130,6,0.046,117,66,51,124,59,117,64,6,0.094,0,18,22,85,32,66,66,66,0,0,29,39,27,49,49,49,0,0,0,9,26,23
MO-600,483,400,293,0.733,216,267,101,204,279,216,149,143,0.96,1,17,46,101,115,267,267,251,150,0.598,55,103,164,122,122,122,56,0.459,33,10,10,112
MO-601,113,113,92,0.814,42,71,25,84,29,42,42,28,0.667,0,0,5,24,18,71,71,71,64,0.901,20,60,11,0,0,0,0,0,0,0,0,0
MO-602,401,341,341,1,91,310,46,166,235,91,91,91,1,0,5,10,26,65,310,310,250,250,1,36,140,170,186,186,186,106,0.57,0,48,118,68
MO-603,154,154,54,0.351,107,47,17,53,101,107,107,54,0.505,16,27,13,42,65,47,47,47,0,0,4,11,36,143,143,143,143,1,24,29,103,40
MO-604,2306,1928,1130,0.586,912,1394,261,901,1405,912,652,549,0.842,25,118,99,343,569,1394,1394,1276,581,0.455,162,558,836,1392,1392,1392,1097,0.788,94,206,752,640
MO-606,1624,740,635,0.858,1345,279,345,939,685,1345,461,371,0.805,0,0,318,861,484,279,279,279,264,0.946,27,78,201,1053,1053,1053,544,0.517,2,181,379,674
MS-500,905,658,101,0.153,302,603,74,174,731,302,213,0,0,0,27,24,80,222,603,603,445,101,0.227,50,94,509,61,61,22,61,2.773,61,0,0,61
MS-501,638,406,352,0.867,383,255,79,224,414,383,224,171,0.763,0,15,28,88,295,255,255,182,181,0.995,51,136,119,167,167,141,167,1.184,62,16,47,120
MS-503,66,42,16,0.381,38,28,14,28,38,38,26,0,0,0,0,6,12,26,28,28,16,16,1,8,16,12,40,40,30,30,1,20,5,18,22
MT-500,1210,867,128,0.148,655,555,179,590,620,655,477,57,0.119,0,24,73,238,417,555,555,390,71,0.182,106,352,203,317,317,317,109,0.344,78,37,87,230
NC-500,469,434,344,0.793,261,208,45,172,297,261,242,182,0.752,0,77,12,46,215,208,208,192,162,0.844,33,126,82,185,185,185,53,0.286,66,23,56,129
NC-501,476,414,187,0.452,250,226,30,95,381,250,236,187,0.792,12,36,14,47,203,226,226,178,0,0,16,48,178,131,131,131,0,0,79,10,33,98
NC-502,631,616,504,0.818,289,342,65,225,406,289,274,264,0.964,0,103,27,99,190,342,342,342,240,0.702,38,126,216,65,65,65,38,0.585,0,7,19,46
NC-503,2416,1819,660,0.363,1661,755,200,556,1860,1661,1114,329,0.295,55,50,127,364,1297,755,755,705,331,0.47,73,192,563,264,264,264,118,0.447,40,54,135,129
NC-504,892,845,582,0.689,336,556,98,323,569,336,336,316,0.94,32,0,33,102,234,556,556,509,266,0.523,65,221,335,167,167,167,12,0.072,28,45,119,48
NC-505,1335,1266,877,0.693,366,969,135,402,933,366,297,344,1.158,325,170,30,101,265,969,969,969,533,0.55,105,301,668,329,329,329,161,0.489,81,53,135,194
NC-506,486,405,286,0.706,315,171,42,169,317,315,262,187,0.714,0,0,16,107,208,171,171,143,99,0.692,26,62,109,106,106,106,106,1,0,7,14,92
NC-507,1253,1235,860,0.696,532,721,133,431,822,532,514,360,0.7,0,155,54,163,369,721,721,721,500,0.693,79,268,453,544,544,544,528,0.971,151,102,264,280
NC-508,130,78,42,0.538,88,42,27,89,41,88,36,0,0,0,0,14,52,36,42,42,42,42,1,13,37,5,1,1,1,1,1,1,0,0,1
NC-509,215,136,179,1.316,166,49,25,79,136,166,87,130,1.494,18,10,16,55,111,49,49,49,49,1,9,24,25,72,72,72,72,1,5,10,25,47
NC-511,244,205,176,0.859,96,148,48,166,78,96,82,58,0.707,0,0,9,29,67,148,148,123,118,0.959,39,137,11,28,28,28,15,0.536,0,5,15,13
NC-513,158,158,86,0.544,68,90,21,69,89,68,68,48,0.706,0,29,1,3,65,90,90,90,38,0.422,20,66,24,87,87,87,87,1,7,24,71,16
NC-516,126,49,42,0.857,97,29,24,52,74,97,24,17,0.708,0,7,22,44,53,29,29,25,25,1,2,8,21,40,40,32,32,1,4,6,14,26
ND-500,957,722,445,0.616,615,342,128,410,547,615,452,333,0.737,0,29,86,271,344,342,342,270,112,0.415,42,139,203,386,386,386,373,0.966,73,64,202,184
NE-500,322,243,105,0.432,83,239,95,228,94,83,22,12,0.545,0,0,29,54,29,239,239,221,93,0.421,66,174,65,17,17,17,0,0,0,3,7,10
NE-501,1350,1225,331,0.27,696,654,162,597,753,696,631,246,0.39,0,323,51,193,503,654,654,594,85,0.143,111,404,250,117,117,117,9,0.077,21,38,96,21
NE-502,986,893,757,0.848,343,643,172,470,516,343,269,293,1.089,0,60,58,153,190,643,643,624,464,0.744,114,317,326,43,43,43,34,0.791,18,0,0,43
NE-503,163,75,80,1.067,130,33,34,122,41,130,48,53,1.104,0,12,22,89,41,33,33,27,27,1,12,33,0,211,211,211,0,0,1,16,37,174
NE-504,191,134,147,1.097,104,87,47,137,54,104,65,72,1.108,0,22,21,62,42,87,87,69,75,1.087,26,75,12,59,59,59,0,0,0,8,21,38
NE-505,156,78,9,0.115,104,52,17,64,92,104,49,0,0,0,47,10,36,68,52,52,29,9,0.31,7,28,24,71,71,71,71,1,34,0,0,71
NE-506,167,85,165,1.941,146,21,42,89,78,146,64,145,2.266,0,66,41,87,59,21,21,21,20,0.952,1,2,19,56,56,56,56,1,0,2,2,54
NH-500,1098,901,814,0.903,530,568,197,677,421,530,369,359,0.973,67,32,89,304,226,568,568,532,455,0.855,108,373,195,170,170,168,168,1,9,22,57,113
NH-501,366,348,278,0.799,166,200,70,218,148,166,148,126,0.851,0,47,20,76,90,200,200,200,152,0.76,50,142,58,74,74,74,47,0.635,21,12,28,46
NH-502,214,202,178,0.881,96,118,48,140,74,96,84,60,0.714,0,19,17,54,42,118,118,118,118,1,31,86,32,412,412,412,372,0.903,207,68,178,234
NJ-500,342,323,47,0.146,322,20,19,74,268,322,303,27,0.089,124,0,19,74,248,20,20,20,20,1,0,0,20,13,13,13,11,0.846,0,0,0,13
NJ-501,215,132,140,1.061,108,107,40,102,113,108,73,73,1,51,30,17,50,58,107,107,59,67,1.136,23,52,55,101,101,101,101,1,37,15,29,72
NJ-502,310,283,283,1,261,49,45,249,61,261,234,234,1,28,247,40,219,42,49,49,49,49,1,5,30,19,150,150,150,150,1,23,23,75,75
NJ-503,470,429,404,0.942,131,339,47,165,305,131,90,95,1.056,0,5,28,101,30,339,339,339,309,0.912,19,64,275,126,126,126,126,1,38,5,15,111
NJ-504,2491,2394,2329,0.973,1745,746,345,962,1529,1745,1745,1745,1,0,4,190,479,1266,746,746,649,584,0.9,155,483,263,304,304,304,181,0.595,93,50,159,145
NJ-505,568,533,93,0.174,63,505,35,55,513,63,28,28,1,0,0,22,42,21,505,505,505,65,0.129,13,13,492,15,15,15,15,1,10,5,5,10
NJ-506,416,357,357,1,214,202,91,160,256,214,190,190,1,0,0,28,44,170,202,202,167,167,1,63,116,86,78,78,78,78,1,34,7,10,68
NJ-507,307,286,286,1,148,159,91,208,99,148,127,127,1,35,0,34,124,24,159,159,159,159,1,57,84,75,8,8,8,8,1,0,2,4,4
NJ-508,154,96,96,1,66,88,70,120,34,66,48,48,1,0,0,12,32,34,88,88,48,48,1,58,88,0,174,174,174,174,1,91,14,38,136
NJ-509,320,244,146,0.598,148,172,46,151,169,148,112,90,0.804,15,378,25,73,75,172,172,132,56,0.424,21,78,94,116,116,116,62,0.534,52,17,58,58
NJ-510,133,67,67,1,41,92,41,109,24,41,14,14,1,0,705,9,35,6,92,92,53,53,1,32,74,18,19,19,19,19,1,4,13,13,6
NJ-511,408,198,208,1.051,303,105,96,258,150,303,138,148,1.072,10,0,56,177,126,105,105,60,60,1,40,81,24,373,373,373,362,0.971,215,38,38,335
NJ-512,40,22,18,0.818,0,40,15,37,3,0,-18,0,0,0,294,0,0,0,40,40,40,18,0.45,15,37,3,0,0,0,0,0,0,0,0,0
NJ-513,200,158,158,1,89,111,34,84,116,89,74,74,1,0,0,24,55,34,111,111,84,84,1,10,29,82,27,27,27,27,1,11,0,0,27
NJ-514,346,337,346,1.027,154,192,149,228,118,154,145,154,1.062,117,0,56,74,80,192,192,192,192,1,93,154,38,425,425,425,425,1,167,44,132,293
NJ-515,348,294,294,1,193,155,64,223,125,193,169,169,1,15,54,26,86,107,155,155,125,125,1,38,137,18,344,344,344,344,1,13,92,205,139
NJ-516,37,0,0,.,30,7,16,36,1,30,0,0,0,0,0,15,30,0,7,7,0,0,.,1,6,1,15,15,15,15,1,6,0,0,15
NJ-517,19,19,4,0.211,19,0,7,19,0,19,19,4,0.211,0,0,7,19,0,0,0,0,0,0,0,0,0,0,0,0,0,0,0,0,0,0
NJ-518,20,0,0,.,0,20,4,20,0,0,0,0,0,0,0,0,0,0,20,20,0,0,.,4,20,0,6,6,6,6,1,6,0,0,6
NJ-519,49,49,49,1,49,0,8,35,14,49,49,49,1,0,6,8,35,14,0,0,0,0,0,0,0,0,6,6,6,6,1,6,0,0,6
NJ-520,126,114,82,0.719,90,36,15,104,22,90,78,76,0.974,56,38,9,68,22,36,36,36,6,0.167,6,36,0,16,16,16,5,0.313,0,0,0,16
NM-500,880,718,393,0.547,329,551,149,444,436,329,244,139,0.57,276,138,30,112,217,551,551,474,254,0.536,119,332,219,582,582,582,332,0.57,174,71,177,405
NM-501,1454,877,164,0.187,1062,392,91,834,620,1062,638,78,0.122,279,0,24,584,478,392,392,239,86,0.36,67,250,142,238,238,238,160,0.672,149,18,55,183
NV-500,4643,4362,1516,0.348,1391,3252,487,1512,3131,1391,1337,581,0.435,217,94,43,159,1232,3252,3252,3025,935,0.309,444,1353,1899,962,962,962,480,0.499,220,136,435,527
NV-501,652,600,376,0.627,362,290,48,139,513,362,331,285,0.861,90,1,13,40,322,290,290,269,91,0.338,35,99,191,396,396,396,341,0.861,123,21,65,331
NV-502,376,251,169,0.673,184,192,52,228,148,184,74,30,0.405,9,152,23,137,47,192,192,177,139,0.785,29,91,101,47,47,47,47,1,0,5,10,37
NY-500,625,587,304,0.518,378,247,109,327,298,378,340,148,0.435,17,35,56,179,199,247,247,247,156,0.632,53,148,99,1224,1224,1224,1036,0.846,24,288,852,372
NY-501,264,224,208,0.929,51,213,24,37,227,51,17,37,2.176,0,11,14,14,37,213,213,207,171,0.826,10,23,190,278,278,278,258,0.928,19,23,59,219
NY-502,52,43,52,1.209,13,39,3,9,43,13,4,13,3.25,0,0,0,0,13,39,39,39,39,1,3,9,30,19,19,19,19,1,0,3,7,12
NY-503,419,382,370,0.969,300,119,45,144,275,300,282,270,0.957,30,92,34,121,179,119,119,100,100,1,11,23,96,470,470,470,470,1,55,54,138,332
NY-504,95,86,92,1.07,43,52,23,51,44,43,34,43,1.265,0,16,14,30,13,52,52,52,49,0.942,9,21,31,94,94,94,82,0.872,0,17,37,57
NY-505,1486,1414,1305,0.923,569,917,113,292,1194,569,497,496,0.998,0,80,33,98,471,917,917,917,809,0.882,80,194,723,1696,1696,1696,1588,0.936,242,222,556,1140
NY-507,107,87,65,0.747,70,37,14,35,72,70,50,28,0.56,0,70,7,14,56,37,37,37,37,1,7,21,16,324,324,324,324,1,23,43,117,207
NY-508,1152,1098,885,0.806,653,499,126,387,765,653,617,459,0.744,0,0,55,175,478,499,499,481,426,0.886,71,212,287,554,554,554,529,0.955,20,11,32,522
NY-510,50,0,50,.,22,28,11,50,0,22,-28,22,_78.6%,0,28,4,22,0,28,28,28,28,1,7,28,0,51,51,51,12,0.235,12,15,39,12
NY-511,395,375,139,0.371,154,241,51,129,266,154,134,106,0.791,16,2,27,67,87,241,241,241,33,0.137,24,62,179,131,131,131,29,0.221,65,20,40,91
NY-512,76,60,42,0.7,37,39,23,52,24,37,37,19,0.514,0,62,12,30,7,39,39,23,23,1,11,22,17,318,318,304,304,1,56,33,92,226
NY-513,9,0,0,.,9,0,2,9,0,9,0,0,.,0,0,2,9,0,0,0,0,0,0,0,0,0,0,0,0,0,0,0,0,0,0
NY-514,116,73,116,1.589,50,66,34,64,52,50,31,50,1.613,0,0,9,14,36,66,66,42,66,1.571,25,50,16,14,14,14,14,1,0,2,4,10
NY-515,29,20,29,1.45,9,20,2,9,20,9,0,9,0,0,0,2,9,0,20,20,20,20,1,0,0,20,0,0,0,0,0,0,0,0,0
NY-516,65,56,54,0.964,47,18,8,39,26,47,38,36,0.947,0,0,8,39,8,18,18,18,18,1,0,0,18,96,96,96,45,0.469,0,15,66,30
NY-517,28,19,0,0,9,19,6,22,6,9,0,0,0,0,0,1,7,2,19,19,19,0,0,5,15,4,0,0,0,0,0,0,0,0,0
NY-518,460,393,153,0.389,98,362,44,118,342,98,76,76,1,0,6,21,56,42,362,362,317,77,0.243,23,62,300,346,346,346,337,0.974,20,61,179,167
NY-519,182,157,97,0.618,86,96,24,67,115,86,61,46,0.754,0,0,16,51,35,96,96,96,51,0.531,8,16,80,51,51,51,51,1,3,2,4,47
NY-520,5,5,5,1,5,0,0,0,5,5,5,5,1,0,0,0,0,5,0,0,0,0,0,0,0,0,6,6,6,6,1,0,2,4,2
NY-521,39,33,17,0.515,7,32,4,10,29,7,1,1,1,0,0,2,4,3,32,32,32,16,0.5,2,6,26,26,26,26,0,0,0,0,0,26
NY-523,93,75,75,1,48,45,10,22,71,48,30,30,1,0,53,7,14,34,45,45,45,45,1,3,8,37,114,114,114,114,1,32,11,23,91
NY-524,222,191,0,0,80,142,9,38,184,80,71,0,0,0,4,3,16,64,142,142,120,0,0,6,22,120,203,203,203,0,0,0,27,56,147
NY-600,47216,44512,38287,0.86,39385,7831,9778,30614,16602,39385,37138,35357,0.952,0,703,8795,27694,11691,7831,7831,7374,2930,0.397,983,2920,4911,20369,20369,19987,4265,0.213,1785,2150,6648,13721
NY-601,440,375,333,0.888,233,207,117,280,160,233,203,173,0.852,0,23,69,161,72,207,207,172,160,0.93,48,119,88,150,150,150,119,0.793,0,35,83,67
NY-602,167,154,73,0.474,122,45,25,81,86,122,109,28,0.257,0,70,9,36,86,45,45,45,45,1,16,45,0,437,437,437,243,0.556,154,106,230,207
NY-603,1904,1904,318,0.167,1542,362,403,1454,450,1542,1542,129,0.084,35,0,349,1258,284,362,362,362,189,0.522,54,196,166,1153,1153,1153,721,0.625,48,208,827,326
NY-604,2279,2181,661,0.303,515,1764,462,1743,536,515,417,147,0.353,0,0,56,119,396,1764,1764,1764,514,0.291,406,1624,140,764,764,764,763,0.999,0,98,256,508
NY-605,536,440,83,0.189,370,166,108,344,192,370,355,33,0.093,125,0,74,238,132,166,166,85,50,0.588,34,106,60,736,736,736,599,0.814,0,175,499,237
NY-606,505,505,108,0.214,63,442,29,80,425,63,63,15,0.238,0,0,19,55,8,442,442,442,93,0.21,10,25,417,225,225,225,104,0.462,12,43,84,141
NY-607,117,99,0,0,28,89,3,9,108,28,10,0,0,0,159,3,9,19,89,89,89,0,0,0,0,89,72,72,72,0,0,30,0,0,72
NY-608,251,234,173,0.739,111,140,35,79,172,111,94,94,1,0,36,26,59,52,140,140,140,79,0.564,9,20,120,264,264,264,196,0.742,28,42,101,163
NY-609,172,140,161,1.15,87,85,24,79,93,87,55,76,1.382,10,0,16,51,36,85,85,85,85,1,8,28,57,61,61,61,56,0.918,0,2,7,54
OH-500,1053,919,937,1.02,659,394,122,409,644,659,594,594,1,0,69,59,226,433,394,394,325,343,1.055,63,183,211,1330,1330,1330,1330,1,180,127,412,918
OH-501,876,819,719,0.878,442,434,138,386,490,442,414,351,0.848,0,50,69,181,261,434,434,405,368,0.909,69,205,229,205,205,205,205,1,34,54,123,82
OH-502,1990,1945,1474,0.758,1122,868,211,604,1386,1122,1077,769,0.714,0,241,106,305,817,868,868,868,705,0.812,105,299,569,3373,3373,3373,1777,0.527,785,442,1163,2210
OH-503,1249,1215,1160,0.955,1090,159,151,609,640,1090,1056,1010,0.956,124,115,127,554,536,159,159,159,150,0.943,24,55,104,1772,1772,1772,1724,0.973,822,218,631,1141
OH-504,327,300,154,0.513,173,154,45,155,172,173,146,0,0,0,0,11,36,137,154,154,154,154,1,34,119,35,205,205,205,205,1,55,37,120,85
OH-505,762,725,673,0.928,502,260,131,350,412,502,465,433,0.931,0,56,69,202,300,260,260,260,240,0.923,62,148,112,694,694,694,694,1,176,141,344,350
OH-506,713,607,283,0.466,321,392,89,308,405,321,263,84,0.319,0,99,36,124,197,392,392,344,199,0.578,53,184,208,352,352,352,324,0.92,70,27,63,289
OH-507,4796,3940,2708,0.687,2337,2459,856,2522,2274,2337,1714,1046,0.61,155,225,361,1123,1214,2459,2459,2226,1662,0.747,495,1399,1060,2302,2302,2302,933,0.405,170,367,849,1453
OH-508,406,356,353,0.992,227,179,102,293,113,227,177,179,1.011,2,31,45,131,96,179,179,179,174,0.972,57,162,17,269,269,269,269,1,110,28,71,198
OK-500,433,281,178,0.633,267,166,62,189,244,267,149,103,0.691,0,4,26,89,178,166,166,132,75,0.568,36,100,66,12,12,12,4,0.333,0,6,12,0
OK-501,687,556,519,0.933,511,176,76,297,390,511,398,378,0.95,40,98,48,210,301,176,176,158,141,0.892,28,87,89,168,168,168,121,0.72,88,0,0,168
OK-502,1297,1201,268,0.223,649,648,124,413,884,649,600,33,0.055,0,152,42,159,490,648,648,601,235,0.391,82,254,394,164,164,164,140,0.854,56,4,12,152
OK-503,128,97,20,0.206,85,43,25,61,67,85,78,10,0.128,0,6,13,35,50,43,43,19,10,0.526,12,26,17,51,51,51,51,1,0,7,19,32
OK-504,206,183,146,0.798,50,156,38,82,124,50,27,2,0.074,18,3,7,16,34,156,156,156,144,0.923,31,66,90,26,26,26,16,0.615,0,4,10,16
OK-505,311,227,156,0.687,256,55,47,157,154,256,190,119,0.626,0,0,38,131,125,55,55,37,37,1,9,26,29,24,24,16,14,0.875,0,5,14,10
OK-506,204,162,124,0.765,168,36,39,95,109,168,126,114,0.905,0,12,29,81,87,36,36,36,10,0.278,10,14,22,0,0,0,0,0,0,0,0,0
OK-507,282,74,56,0.757,246,36,62,195,87,246,46,32,0.696,0,10,51,160,86,36,36,28,24,0.857,11,35,1,50,50,0,0,0,0,15,45,5
OR-500,1108,1005,514,0.511,585,523,167,508,600,585,570,125,0.219,103,12,51,146,439,523,523,435,389,0.894,116,362,161,1061,1061,1061,521,0.491,0,340,774,287
OR-501,6934,6466,5229,0.809,1245,5689,898,2680,4254,1245,1067,562,0.527,464,240,155,441,804,5689,5689,5399,4667,0.864,743,2239,3450,3575,3575,3575,1116,0.312,683,385,1120,2455
OR-502,404,383,66,0.172,178,226,18,60,344,178,157,4,0.025,0,6,7,31,147,226,226,226,62,0.274,11,29,197,502,502,502,4,0.008,53,65,141,361
OR-503,325,307,226,0.736,172,153,65,193,132,172,154,106,0.688,0,34,24,67,105,153,153,153,120,0.784,41,126,27,0,0,0,0,0,0,0,0,0
OR-504,981,917,229,0.25,427,554,122,450,531,427,365,17,0.047,0,27,13,65,362,554,554,552,212,0.384,109,385,169,258,258,258,52,0.202,16,5,14,244
OR-505,2760,2512,1080,0.43,1235,1525,563,1492,1268,1235,1033,131,0.127,276,822,188,481,754,1525,1525,1479,949,0.642,375,1011,514,1312,1312,1246,757,0.608,62,394,951,361
OR-506,322,222,322,1.45,100,222,84,262,60,100,72,100,1.389,0,3,22,91,9,222,222,150,222,1.48,62,171,51,140,140,124,140,1.129,37,16,36,104
OR-507,146,114,146,1.281,38,108,39,117,29,38,20,38,1.9,0,0,9,34,4,108,108,94,108,1.149,30,83,25,93,93,93,93,1,29,6,16,77
PA-500,7313,7139,4100,0.574,3089,4224,1177,4019,3294,3089,2989,2488,0.832,432,298,504,1664,1425,4224,4224,4150,1612,0.388,673,2355,1869,5961,5961,5961,446,0.075,599,1000,3773,2188
PA-501,319,303,299,0.987,150,169,70,193,126,150,134,134,1,36,30,26,79,71,169,169,169,165,0.976,44,114,55,102,102,102,100,0.98,38,9,26,76
PA-502,806,761,0,0,356,450,177,588,218,356,336,0,0,35,11,64,200,156,450,450,425,0,0,113,388,62,273,273,273,0,0,41,43,140,133
PA-503,208,186,160,0.86,89,119,28,106,102,89,67,67,1,12,100,6,19,70,119,119,119,93,0.782,22,87,32,107,107,107,107,1,7,26,65,42
PA-504,467,359,252,0.702,236,231,100,340,127,236,213,135,0.634,45,6,36,137,99,231,231,146,117,0.801,64,203,28,130,130,130,130,1,20,30,82,48
PA-505,347,244,104,0.426,142,205,83,234,113,142,119,75,0.63,43,0,24,60,82,205,205,125,29,0.232,59,174,31,169,169,169,97,0.574,0,21,54,115
PA-506,515,390,340,0.872,186,329,107,313,202,186,160,110,0.688,0,49,27,65,121,329,329,230,230,1,80,248,81,173,173,173,173,1,34,33,118,55
PA-507,1475,1023,127,0.124,697,778,319,874,601,697,378,27,0.071,106,81,139,353,344,778,778,645,100,0.155,180,521,257,289,289,289,132,0.457,98,14,33,256
PA-508,209,188,209,1.112,53,156,43,136,73,53,36,53,1.472,30,7,2,19,34,156,156,152,156,1.026,41,117,39,24,24,24,24,1,24,0,0,24
PA-509,777,643,143,0.222,392,385,198,558,219,392,285,58,0.204,12,10,78,238,154,385,385,358,85,0.237,120,320,65,252,252,252,189,0.75,33,36,93,159
PA-510,640,579,426,0.736,169,471,104,335,305,169,132,90,0.682,50,3,27,82,87,471,471,447,336,0.752,77,253,218,121,121,121,81,0.669,13,25,80,41
PA-511,532,505,0,0,135,397,91,326,206,135,121,0,0,0,2,11,89,46,397,397,384,0,0,80,237,160,190,190,190,0,0,0,0,0,190
PA-600,1205,1117,1021,0.914,364,841,279,640,565,364,291,261,0.897,100,10,72,162,202,841,841,826,760,0.92,207,478,363,609,609,609,609,1,67,141,466,143
PA-601,717,566,213,0.376,326,391,131,385,332,326,234,41,0.175,4,36,47,141,185,391,391,332,172,0.518,84,244,147,209,209,159,83,0.522,36,43,111,98
PA-602,482,355,45,0.127,315,167,99,242,240,315,231,0,0,25,28,64,143,172,167,167,124,45,0.363,35,99,68,246,246,226,25,0.111,55,35,85,161
PA-603,128,93,118,1.269,31,97,15,35,93,31,6,31,5.167,0,0,10,19,12,97,97,87,87,1,5,16,81,102,102,102,102,1,7,14,42,60
PA-605,391,325,325,1,214,177,80,216,175,214,176,176,1,0,178,23,91,123,177,177,149,149,1,57,125,52,237,237,237,234,0.987,52,20,43,194
PR-502,1652,1436,1318,0.918,259,1393,65,194,1458,259,194,229,1.18,0,0,17,48,211,1393,1393,1242,1089,0.877,48,146,1247,925,925,925,188,0.203,401,90,234,691
PR-503,920,685,542,0.791,297,623,53,143,777,297,163,183,1.123,0,0,28,101,196,623,623,522,359,0.688,25,42,581,112,112,112,112,1,0,3,6,106
RI-500,1456,1339,1153,0.861,753,703,226,819,637,753,664,654,0.985,17,0,80,356,397,703,703,675,499,0.739,146,463,240,943,943,943,671,0.712,196,120,335,608
SC-500,701,636,341,0.536,403,298,85,291,410,403,338,204,0.604,0,0,49,206,197,298,298,298,137,0.46,36,85,213,81,81,81,44,0.543,10,2,6,75
SC-501,1366,1223,978,0.8,652,714,151,574,792,652,518,492,0.95,213,242,45,250,402,714,714,705,486,0.689,106,324,390,125,125,125,108,0.864,56,8,20,105
SC-502,802,651,443,0.68,338,464,92,313,489,338,187,111,0.594,170,94,46,179,159,464,464,464,332,0.716,46,134,330,369,369,349,282,0.808,42,79,225,144
SC-503,619,584,539,0.923,258,361,109,328,291,258,223,208,0.933,0,17,48,115,143,361,361,361,331,0.917,61,213,148,217,217,217,211,0.972,0,18,63,154
SC-504,386,121,380,3.14,119,267,70,76,310,119,69,119,1.725,0,5,50,50,69,267,267,52,261,5.019,20,26,241,76,76,76,38,0.5,0,10,38,38
SD-500,1416,994,298,0.3,717,699,213,624,792,717,300,155,0.517,6,42,139,406,311,699,699,694,143,0.206,74,218,481,298,298,298,214,0.718,197,30,101,197
TN-500,407,355,314,0.885,275,132,53,159,248,275,251,201,0.801,20,20,27,83,192,132,132,104,113,1.087,26,76,56,714,714,714,470,0.658,183,147,350,364
TN-501,1745,1661,1417,0.853,532,1213,230,702,1043,532,505,281,0.556,0,143,44,143,389,1213,1213,1156,1136,0.983,186,559,654,374,374,374,325,0.869,120,68,194,180
TN-502,847,793,690,0.87,429,418,46,162,685,429,375,382,1.019,0,0,20,76,353,418,418,418,308,0.737,26,86,332,132,132,132,97,0.735,45,24,32,100
TN-503,341,228,152,0.667,192,149,14,93,248,192,93,43,0.462,0,0,6,59,133,149,149,135,109,0.807,8,34,115,136,136,136,136,1,28,13,58,78
TN-504,1360,1260,68,0.054,804,556,74,354,1006,804,732,8,0.011,214,0,33,216,588,556,556,528,60,0.114,41,138,418,746,746,746,7,0.009,188,98,285,461
TN-506,288,144,77,0.535,207,81,55,155,133,207,117,50,0.427,2,0,30,86,121,81,81,27,27,1,25,69,12,65,65,65,65,1,0,17,36,29
TN-507,270,203,79,0.389,85,185,43,132,138,85,44,26,0.591,0,0,24,68,17,185,185,159,53,0.333,19,64,121,201,201,201,201,1,40,18,37,164
TN-509,462,407,263,0.646,369,93,19,70,392,369,314,182,0.58,11,11,13,46,323,93,93,93,81,0.871,6,24,69,78,78,78,78,1,71,3,7,71
TN-510,284,262,10,0.038,113,171,8,35,249,113,91,10,0.11,0,12,8,35,78,171,171,171,0,0,0,0,171,49,49,49,43,0.878,5,4,10,39
TN-512,401,332,0,0,124,277,116,367,34,124,55,0,0,0,87,39,112,12,277,277,277,0,0,77,255,22,8,8,8,0,0,0,3,8,0
TX-500,1344,1200,570,0.475,604,740,242,821,523,604,538,33,0.061,0,90,78,262,342,740,740,662,537,0.811,164,559,181,520,520,520,452,0.869,119,125,372,148
TX-501,630,565,296,0.524,476,154,75,218,412,476,411,142,0.345,0,0,50,152,324,154,154,154,154,1,25,66,88,64,64,64,64,1,0,0,0,64
TX-503,1414,1104,1324,1.199,732,682,242,776,638,732,597,687,1.151,525,31,85,277,455,682,682,507,637,1.256,157,499,183,254,254,254,254,1,35,26,69,185
TX-504,84,58,44,0.759,48,36,24,37,47,48,22,8,0.364,0,0,13,26,22,36,36,36,36,1,11,11,25,59,59,59,59,1,19,10,23,36
TX-600,3818,3207,824,0.257,2295,1523,463,1488,2330,2295,1943,151,0.078,0,214,153,540,1755,1523,1523,1264,673,0.532,310,948,575,731,731,731,666,0.911,337,71,179,552
TX-601,2290,2046,1601,0.783,1372,918,377,1153,1137,1372,1198,922,0.77,0,100,108,464,908,918,918,848,679,0.801,269,689,229,1026,1026,1026,960,0.936,163,193,508,518
TX-603,1113,992,850,0.857,617,496,158,554,559,617,517,450,0.87,0,58,48,189,428,496,496,475,400,0.842,110,365,131,188,188,188,143,0.761,62,10,25,163
TX-604,265,206,140,0.68,104,161,36,131,134,104,45,26,0.578,0,14,12,44,60,161,161,161,114,0.708,24,87,74,0,0,0,0,0,0,0,0,0
TX-607,3067,1740,213,0.122,2411,656,456,1581,1486,2411,1258,132,0.105,0,14,323,1176,1235,656,656,482,81,0.168,133,405,251,0,0,0,0,0,0,0,0,0
TX-610,93,55,66,1.2,65,28,18,66,27,65,27,38,1.407,0,34,2,38,27,28,28,28,28,1,16,28,0,48,48,48,48,1,0,4,12,36
TX-611,594,570,494,0.867,451,143,71,271,323,451,427,408,0.956,12,59,38,136,315,143,143,143,86,0.601,33,135,8,351,351,351,182,0.519,27,100,284,67
TX-613,274,234,72,0.308,236,38,40,126,148,236,196,34,0.173,0,20,36,114,122,38,38,38,38,1,4,12,26,52,52,52,52,1,0,11,24,28
TX-624,251,220,0,0,251,0,8,41,210,251,220,0,0,0,0,8,41,210,0,0,0,0,0,0,0,0,0,0,0,0,0,0,0,0,0
TX-700,4255,3449,2812,0.815,1567,2688,578,1867,2388,1567,1292,1020,0.789,5,130,138,585,982,2688,2688,2157,1792,0.831,440,1282,1406,1395,1395,1350,914,0.677,165,158,489,906
TX-701,369,323,300,0.929,182,187,40,105,264,182,136,113,0.831,0,13,27,38,144,187,187,187,187,1,13,67,120,0,0,0,0,0,0,0,0,0
TX-702,183,128,0,0,122,61,26,108,75,122,67,0,0,0,0,14,55,67,61,61,61,0,0,12,53,8,28,28,28,0,0,0,12,28,0
TX-703,306,260,148,0.569,165,141,48,118,188,165,165,102,0.618,0,0,16,61,104,141,141,95,46,0.484,32,57,84,86,86,86,44,0.512,0,15,52,34
TX-704,444,313,183,0.585,320,124,46,148,296,320,244,88,0.361,0,57,34,94,226,124,124,69,95,1.377,12,54,70,86,86,47,86,1.83,25,11,35,51
UT-500,1846,1507,1115,0.74,834,1012,288,920,926,834,667,554,0.831,602,66,71,238,596,1012,1012,840,561,0.668,217,682,330,1080,1080,1080,639,0.592,192,156,434,646
UT-503,1117,667,593,0.889,548,569,182,645,472,548,278,364,1.309,0,258,104,358,190,569,569,389,229,0.589,78,287,282,41,41,41,41,1,41,0,0,41
UT-504,282,133,109,0.82,175,107,57,199,83,175,112,65,0.58,0,0,32,117,58,107,107,21,44,2.095,25,82,25,213,213,189,99,0.524,60,21,51,162
VA-500,799,738,426,0.577,245,554,85,267,532,245,194,174,0.897,128,73,32,107,138,554,554,544,252,0.463,53,160,394,354,354,354,354,1,47,67,191,163
VA-501,442,365,230,0.63,308,134,43,173,269,308,252,118,0.468,100,62,27,104,204,134,134,113,112,0.991,16,69,65,236,236,236,220,0.932,82,31,117,119
VA-502,534,453,128,0.283,403,131,48,199,335,403,322,32,0.099,0,6,32,148,255,131,131,131,96,0.733,16,51,80,25,25,25,25,1,2,2,4,21
VA-503,380,240,220,0.917,180,200,60,272,108,180,96,79,0.823,64,14,16,102,78,200,200,144,141,0.979,44,170,30,164,164,164,152,0.927,42,3,9,155
VA-504,159,159,101,0.635,98,61,18,65,94,98,98,83,0.847,55,16,5,20,78,61,61,61,18,0.295,13,45,16,45,45,45,11,0.244,28,3,9,36
VA-505,471,334,54,0.162,228,243,70,297,174,228,158,28,0.177,180,46,17,122,106,243,243,176,26,0.148,53,175,68,250,250,250,137,0.548,119,21,61,189
VA-507,350,308,109,0.354,72,278,30,111,239,72,30,30,1,0,63,17,62,10,278,278,278,79,0.284,13,49,229,83,83,83,58,0.699,39,5,10,73
VA-508,207,164,110,0.671,98,109,31,85,122,98,55,28,0.509,5,12,15,24,74,109,109,109,82,0.752,16,61,48,59,59,59,57,0.966,15,15,42,17
VA-509,62,62,50,0.806,56,6,2,19,43,56,56,44,0.786,0,0,2,19,37,6,6,6,6,1,0,0,6,0,0,0,0,0,0,0,0,0
VA-510,89,69,89,1.29,81,8,20,57,32,81,61,81,1.328,0,0,20,57,24,8,8,8,8,1,0,0,8,50,50,50,49,0.98,0,0,0,50
VA-512,32,32,32,1,10,22,9,32,0,10,10,10,1,0,0,3,10,0,22,22,22,22,1,6,22,0,5,5,5,5,1,5,0,0,5
VA-513,308,202,0,0,210,98,27,81,227,210,129,0,0,0,35,14,41,169,98,98,73,0,0,13,40,58,44,44,44,24,0.545,12,3,7,37
VA-514,218,195,0,0,150,68,25,92,126,150,127,0,0,0,0,16,56,94,68,68,68,0,0,9,36,32,102,102,102,0,0,0,0,0,102
VA-517,125,124,125,1.008,69,56,19,53,72,69,68,69,1.015,17,0,18,51,18,56,56,56,56,1,1,2,54,0,0,0,0,0,0,0,0,0
VA-518,134,118,134,1.136,86,48,17,73,61,86,70,86,1.229,0,0,5,25,61,48,48,48,48,1,12,48,0,0,0,0,0,0,0,0,0,0
VA-519,59,26,41,1.577,59,0,12,50,9,59,26,41,1.577,0,15,12,50,9,0,0,0,0,0,0,0,0,24,24,24,0,0,0,0,0,24
VA-521,938,604,0,0,462,476,185,754,184,462,180,0,0,0,8,95,354,108,476,476,424,0,0,90,400,76,148,148,148,0,0,0,11,62,86
VA-600,244,-42,168,_400.0%,105,139,47,180,64,105,-62,94,_151.6%,40,22,14,61,44,139,139,20,74,3.7,33,119,20,42,42,42,30,0.714,0,3,7,35
VA-601,1375,1253,500,0.399,295,1080,293,1040,335,295,266,258,0.97,154,32,39,148,147,1080,1080,987,242,0.245,254,892,188,214,214,214,205,0.958,61,5,18,196
VA-602,121,109,30,0.275,66,55,27,93,28,66,54,30,0.556,18,2,16,48,18,55,55,55,0,0,11,45,10,1,1,1,0,0,0,0,0,1
VA-603,340,326,314,0.963,183,157,64,205,135,183,169,157,0.929,67,0,22,101,82,157,157,157,157,1,42,104,53,35,35,35,35,1,0,3,10,25
VA-604,338,282,338,1.199,140,198,100,286,52,140,105,140,1.333,39,10,38,98,42,198,198,177,198,1.119,62,188,10,10,10,10,10,1,0,0,0,10
VI-500,164,112,164,1.464,115,49,15,50,114,115,63,115,1.825,15,0,14,46,69,49,49,49,49,1,1,4,45,56,56,56,56,1,26,7,19,37
VT-500,661,533,446,0.837,391,270,103,317,344,391,282,262,0.929,0,143,52,175,216,270,270,251,184,0.733,51,142,128,333,333,333,316,0.949,124,39,125,208
VT-501,218,205,133,0.649,137,81,41,121,97,137,124,104,0.839,1,0,19,69,68,81,81,81,29,0.358,22,52,29,152,152,152,71,0.467,57,0,0,152
WA-500,6893,6513,5330,0.818,2703,4190,1005,3613,3280,2703,2580,2136,0.828,297,27,210,794,1909,4190,4190,3933,3194,0.812,795,2819,1371,2775,2775,2775,1771,0.638,888,201,624,2151
WA-501,5166,4403,1409,0.32,2034,3132,1180,3424,1742,2034,1445,361,0.25,242,1219,355,1115,919,3132,3132,2958,1048,0.354,825,2309,823,1146,1146,1146,120,0.105,160,87,228,918
WA-502,1017,974,604,0.62,516,501,169,493,524,516,500,307,0.614,0,0,57,166,350,501,501,474,297,0.627,112,327,174,227,227,227,176,0.775,131,16,34,193
WA-503,1514,1403,1079,0.769,439,1075,337,1123,391,439,383,192,0.501,80,0,53,167,272,1075,1075,1020,887,0.87,284,956,119,300,300,300,273,0.91,101,0,0,300
WA-504,1371,1345,860,0.639,299,1072,355,1104,267,299,273,182,0.667,12,153,42,128,171,1072,1072,1072,678,0.632,313,976,96,735,735,735,114,0.155,205,249,449,286
WA-506,210,210,196,0.933,52,158,106,210,0,52,52,38,0.731,0,16,24,52,0,158,158,158,158,1,82,158,0,32,32,32,20,0.625,4,8,20,12
WA-507,569,378,133,0.352,176,393,137,357,212,176,-1,37,_3700.0%,110,1182,26,74,102,393,393,379,96,0.253,111,283,110,150,150,84,70,0.833,4,8,14,136
WA-508,847,812,661,0.814,310,537,166,522,325,310,275,265,0.964,95,30,60,222,88,537,537,537,396,0.737,106,300,237,245,245,245,124,0.506,91,26,78,167
WI-500,3858,2644,2111,0.798,1853,2005,840,2744,1114,1853,1044,841,0.806,69,1726,308,1150,703,2005,2005,1600,1270,0.794,532,1594,411,543,543,543,428,0.788,14,99,298,245
WI-501,1492,1423,1073,0.754,720,772,212,713,779,720,661,311,0.47,0,23,82,289,431,772,772,762,762,1,130,424,348,680,680,680,680,1,253,88,265,415
WI-502,262,197,173,0.878,172,90,41,133,129,172,141,125,0.887,0,30,14,65,107,90,90,56,48,0.857,27,68,22,43,43,43,41,0.953,0,0,0,43
WI-503,643,618,606,0.981,282,361,87,364,279,282,257,257,1,65,50,5,122,160,361,361,361,349,0.967,82,242,119,459,459,459,438,0.954,105,40,150,309
WV-500,149,115,140,1.217,118,31,16,54,95,118,84,109,1.298,0,8,12,27,91,31,31,31,31,1,4,27,4,16,16,16,16,1,11,0,0,16
WV-501,381,360,283,0.786,218,163,47,171,210,218,197,183,0.929,0,0,21,95,123,163,163,163,100,0.613,26,76,87,280,280,280,158,0.564,29,14,38,242
WV-503,416,375,221,0.589,295,121,45,145,271,295,276,145,0.525,0,36,34,98,197,121,121,99,76,0.768,11,47,74,61,61,53,8,0.151,29,0,0,61
WV-508,969,706,421,0.596,638,331,87,252,717,638,495,304,0.614,0,34,44,119,519,331,331,211,117,0.555,43,133,198,113,113,113,74,0.655,31,15,34,79
WY-500,729,439,65,0.148,504,225,114,315,414,504,251,65,0.259,0,63,78,218,286,225,225,188,0,0,36,97,128,67,67,67,0,0,0,0,0,67
